300
369
415
481
542
600
600
600
669
715
850
957
1081
1142
1200
1269
1315
1519
1672
1931
2099
2281
2411
2515
2788
2987
3450
3771
4212
4510
4796
5199
5502
6238
6758
7662
8281
9008
9709
10298
11437
12260
13900
15039
16670
17990
19306
21146
22558
25337
27299
30570
33029
35976
39136
41864
46483
49857
55907
60328
66546
72165
77840
85619
91721
102390
110185
122453
132493
144386
157784
169561
188009
201906
224843
242678
266839
290277
313947
345793
371467
412852
444584
491682
532955
580786
636070
685414
758645
816051
904534
977539
1072468
1169025
1266200
1394715
1501465
1663179
1793590
1977002
2146564
2338668
2563740
2767665
3057894
3295055
3640181
3940154
4315670
4710304
5106333
5621634
6062720
6698075
7235209
7955851
8650458
9422003
10331938
11169053
12319709
13297929
14653926
15885667
17377854
18982396
20591056
22651647
24466982
26973635
29183596
32031780
34868063
37968910
41634043
45058038
49625282
53650578
59005415
64051659
70000690
76502106
83026948
91259325
98708616
108630697
117702237
129006105
140553765
153027638
167761431
181735564
199890022
216410853
237636802
258256002
282033743
308315196
334763202
367651453
398146417
437526824
474666855
519670545
566571198
616796945
675966649
732909619
805178277
872813272
957197369
1041238053
1136467490
1242537847
1349706564
1481144926
1605722891
1762375646
1914051325
2093664859
2283775900
2486174054
2723682773
2955429455
3243520572
3519774216
3856040505
4197827225
4579838913
5007458673
5441603509
5967203345
6475203671
7099561077
7717601441
8435879418
9205285898
10021442422
10974662018
11916807180
13066764422
14192805112
15535440495
16922887339
18457321840
20179947916
21938249602
24041426440
26109612292
28602204917
31115692451
33992762335
37102835255
40395571442
44221374356
48047861894
52643631357
57225304743
62594967252
68218527706
74388333777
81324209611
88443433336
96865005713
105273166637
115238598609
125443832449
136983301029
149542737317
162831767113
178189215324
193716599973
212103604322
230716999086
252221899638
274986569766
299815068142
327731952641
356548367086
390292819646
424433599059
464325503960
505703568852
552036967780
602718522407
656363435228
718024772287
780981966145
854618323606
930137167911
1016362471740
1108422091259
1208400403008
1320743294694
1437345401373
1572643095893
18823708137600 fishes
